.Random.seed <-
c(403L, 10L, 1296556599L, 1738795309L, -1194554812L, -2110212246L, 
544056277L, 1324070255L, 281538678L, 78732192L, 198098019L, -331626239L, 
237519984L, -228728818L, 850575481L, -320339957L, 1081250106L, 
-1096478660L, 932321151L, -1850659627L, -311553812L, -497972670L, 
195382685L, 2127984663L, -1592918658L, -1786076360L, -506938341L, 
-1053555335L, -842681400L, -421347338L, 190874161L, -1004424093L, 
941161522L, 2086132100L, 1404641223L, 1558106781L, -627764716L, 
-1240784710L, -187052795L, 331593439L, -993477786L, -2035737872L, 
-917951981L, -117324879L, 313192032L, -420537346L, -1061936247L, 
-259865413L, 827203722L, -570317972L, 398780655L, -1460215003L, 
-2138460708L, -1198113870L, -1781488979L, -1026352537L, -2000279154L, 
-1172537752L, -9860501L, -2124553207L, 1210890904L, -1019249210L, 
271146273L, -576827981L, -795686622L, -996285676L, 637434775L, 
1136583565L, 1318559396L, 284201098L, 925882101L, -623351473L, 
-278509994L, -92963584L, -111900605L, -906941471L, 104903504L, 
-728357458L, 1389177689L, -1719025301L, 1259989210L, 257966492L, 
1213754783L, -1127825419L, 963833484L, 1763527522L, -1868340419L, 
1455690679L, 766924894L, 1939772824L, 1878057211L, 1148902553L, 
-1309983448L, 959450070L, 440307793L, -1281187069L, -1281879406L, 
180559908L, -1587212569L, 1298883389L, -523641932L, 26003482L, 
2117598053L, -1860786689L, -703240058L, -943188976L, 1165346483L, 
1708782929L, 734326016L, 1067448286L, 1798157353L, -1216146469L, 
1851230442L, -599374196L, -1422607921L, -569889403L, 50386492L, 
-1883948270L, -1661364211L, 668543815L, 1063207214L, -1264506744L, 
1945775499L, -940829335L, -860408008L, -66733594L, 1731952001L, 
1988964627L, -464023870L, 37988724L, 245354871L, -1597291923L, 
676023556L, 1190455338L, -1342855787L, -230045137L, 2132186934L, 
1094420320L, -1165816413L, 1755637441L, 1726635696L, 1809275342L, 
696970553L, 1870676299L, -1767095558L, -948055044L, 1647203391L, 
-1427247851L, 338220588L, -944391422L, 1968170973L, -1540140329L, 
1302621630L, -623589384L, 765936603L, -836452807L, -609712248L, 
-2110253258L, 1501611377L, -1427669085L, -309336334L, 1414057540L, 
944148743L, -271947555L, 981761492L, 1392906490L, 718334021L, 
-1027821409L, 2130197030L, -450203984L, -272362669L, 149012081L, 
-1381579872L, 1098236734L, 1768843849L, 807583483L, 1116102346L, 
-217251796L, -947898321L, -153401115L, 1372971420L, -703714318L, 
484783725L, -746028121L, 1557994958L, -1195320536L, 1571778859L, 
827304777L, -204607400L, -1196727034L, 310276321L, 1182632051L, 
121873634L, -1241689004L, 737925463L, -1891370675L, 520805604L, 
-996376374L, -814109387L, -277609585L, 839399574L, 1455269952L, 
-1722216189L, -2046444255L, 1316253200L, -1229013522L, 910766489L, 
-642286037L, -110704870L, -616563236L, 592012255L, 1758790581L, 
-491561652L, -1820091486L, 1269994237L, -1253717001L, -590113506L, 
1362384856L, -1377416901L, 1447673561L, 1386697320L, -887458922L, 
981374737L, -676122429L, 135155922L, -1389472412L, -1452914521L, 
-373604867L, 1249132532L, -135904296L, 1389450106L, 996710448L, 
-1055600708L, -1125076396L, 1032400962L, -501502304L, 1393803964L, 
-1697575984L, -2130297502L, -1018671384L, -775443252L, -829611524L, 
-2128593422L, -889035648L, -1784796684L, -1262564728L, -462431430L, 
443813200L, -411571092L, -1414277740L, 281436242L, 879148512L, 
-84503348L, 1971601056L, -910429822L, 192932072L, -2103391508L, 
-1943263940L, -1917915022L, -1825631632L, 1870502436L, -1957238728L, 
1462749466L, 1784825040L, -256046788L, 609252244L, 732120962L, 
1585449920L, -1670834628L, 696058256L, -1110878174L, -339979000L, 
-1397741428L, 1324773148L, -2103143278L, -2102405760L, -1523589100L, 
-1908586712L, -1238088134L, 819909072L, -1285064340L, 1605223348L, 
-1609201134L, 788662240L, -158864948L, 1888418016L, -1939043294L, 
-1440640216L, -427197940L, -1311599812L, -1431261198L, 2110980848L, 
-1850123708L, -103301544L, 7599930L, -563949584L, 381526716L, 
-944466668L, -1731584830L, 2015607904L, -773249668L, 1433477072L, 
-830279390L, -1410525528L, -872786036L, -704609092L, -1591493838L, 
-1862130112L, 2099995828L, -312011704L, -1439738438L, -989857264L, 
92421356L, 1173954900L, 1370632978L, -1386517088L, 1513183948L, 
-1470358944L, 803450818L, 1089762088L, 1798830508L, -1995342532L, 
-849855630L, 709520688L, 1375479588L, 1941841208L, 523880154L, 
2101608336L, 311515900L, -2060117100L, -1986677694L, 1434785024L, 
-1679071172L, -845554352L, 970081442L, -845837496L, 1592917772L, 
-1773879588L, -1520193710L, -1286744448L, -71591852L, 994599912L, 
-1196889350L, -1167567536L, -857194708L, 1795203956L, 15983506L, 
-199404960L, -1492781172L, -743483552L, -1166539806L, 2130287528L, 
-1360950068L, -760710660L, 603150258L, 1968203248L, 363234756L, 
-1511073448L, -234451590L, -1607860816L, 312976316L, 1004351572L, 
-1141436478L, -442458080L, 897249468L, 1087674960L, 670615522L, 
-461717912L, 1322823244L, -2074177284L, 936728562L, 715613440L, 
-1362123916L, -553263096L, -690040390L, -957669936L, -2048896020L, 
-926233708L, -1228678190L, -29677728L, -1749941940L, -1900564192L, 
-859181182L, 1951123176L, -1513170708L, -1719339460L, -1616825486L, 
2089055856L, 1741415460L, -1295913160L, -381618022L, -182653232L, 
1411140796L, -1865864556L, -1418911102L, -726994752L, -725080772L, 
1297365136L, 483431970L, 638775816L, 361495820L, -2037087588L, 
380712466L, -259024512L, -1982211564L, 1530338856L, -1657405126L, 
-880923696L, -407368084L, -1316052172L, -228859246L, -155441824L, 
-1222550196L, -177703968L, 272535458L, 1101021096L, -1639929972L, 
-314373444L, 1487127410L, -1835464464L, -109554620L, -178080424L, 
-1684598726L, -506293392L, -100514756L, 745220884L, -38570558L, 
-1979175712L, 1582063484L, 719103696L, -984384862L, -882985944L, 
-950378228L, -551560260L, -123769550L, 155641792L, -1880168908L, 
-544738360L, 1490021562L, 696246160L, -1138089492L, -787217324L, 
-2053465454L, 243297056L, 1530218956L, 460252128L, 1923231426L, 
-593418712L, -260735316L, -341463364L, -815705614L, -509693648L, 
-1703348060L, 1419057848L, -482089126L, -1804329584L, -739588482L, 
-844132277L, 532998733L, 1249474682L, -1616066376L, -625350047L, 
-108834797L, -683835852L, -927016894L, 483547223L, -1294533727L, 
1213987942L, -375516060L, 1637494677L, -502642497L, 2124363864L, 
-2065535882L, 1758327939L, 961828037L, 1635127778L, -1962780592L, 
-1981044359L, 1263414955L, 1438508572L, 1386778954L, 1125286207L, 
1691445129L, 1088014238L, -230156724L, 351248413L, -814911065L, 
-764939056L, -36080018L, -1807396581L, 804176509L, 1925060714L, 
90023176L, -264425039L, 524535331L, 1816314660L, 1245062098L, 
1390944295L, -1405142415L, 366670006L, 1508984916L, 1856846053L, 
-1615932177L, 879269928L, -205017978L, 615016115L, 1367123989L, 
56642162L, 1903367872L, 396815145L, 687221147L, 485437036L, 1902006906L, 
574116783L, -1612757319L, 1023125710L, -741670372L, 407882125L, 
1546553335L, 343542528L, -226250402L, -10350037L, -15631059L, 
-1825742438L, -1874419880L, 1080473281L, 947947891L, 1234690708L, 
1918097186L, 1938518583L, -208709887L, 392154630L, -703040444L, 
822510965L, -380417825L, -1907262408L, -1781031914L, 394271779L, 
-1618064411L, -1367114238L, 9294960L, -1937399271L, -1874785269L, 
-436662532L, -1856313558L, -1269528225L, 1153122537L, -554600450L, 
-1846297620L, 1825656637L, 826036999L, -168097040L, 2117857934L, 
-236548933L, 1462634653L, -1925278646L, -1765798296L, 1405182545L, 
478552387L, 395876420L, -80012558L, -1396317497L, -1840078703L, 
-60264938L, -1510986636L, 433645317L, -1106729649L, 972887880L, 
1843470054L, 1602256915L, -895115L, 1165236050L, 6246304L, -1638909303L, 
-159744325L, 1758219532L, -1009454950L, 32998927L, 1204957785L, 
509636334L, -578572932L, -1902621203L, 1487465111L, -1307302560L, 
-608296642L, 282339851L, -1196511603L, -1652829254L, 1826605560L, 
792991137L, -737186989L, -1358986636L, 1084457986L, -1261500777L, 
-79392671L, -1929753434L, -1122460508L, -1764901547L, 2123265535L, 
2088344728L, -82564682L, 1559056963L, -573802619L, 899912738L, 
